273,83,81,81;
271,82,83,83;



267,83,84,84;



























266,103,115,115;
265,101,117,117;
262,99,123,123;
260,99,125,125;
261,99,124,124;
256,98,129,129;
258,100,124,124;
258,102,122,122;
254,101,127,127;299,222,61,61;
253,99,129,129;
254,101,127,127;
253,100,128,128;
251,98,131,131;300,222,62,62;
255,100,127,127;
253,99,130,130;
253,99,130,130;
254,101,128,128;
253,99,130,130;
252,100,129,129;
391,89,105,105;163,133,98,98;
391,92,105,105;162,132,100,100;
391,98,103,103;162,132,99,99;
391,114,101,101;161,132,100,100;
161,132,100,100;398,135,88,88;
393,129,97,97;161,133,100,100;
391,119,106,106;159,133,103,103;
162,135,98,98;395,120,98,98;
161,136,100,100;397,118,96,96;
396,113,101,101;162,138,98,98;
399,112,97,97;161,140,101,101;
397,108,101,101;164,144,96,96;
400,107,97,97;161,143,102,102;
398,104,101,101;162,144,99,99;
399,104,98,98;162,143,100,100;
163,144,97,97;398,102,100,100;
398,101,99,99;163,144,98,98;

















































269,88,86,86;














282,89,78,78;













258,100,128,128;
260,99,128,128;
260,99,127,127;
261,100,126,126;
261,99,126,126;
259,98,127,127;
260,97,129,129;
264,100,122,122;
263,98,124,124;
266,98,126,126;
266,99,124,124;
269,99,124,124;
272,98,124,124;
278,98,123,123;
279,99,121,121;
270,94,132,132;
274,93,131,131;
272,91,134,134;
275,92,128,128;
274,90,130,130;






















250,160,63,63;








156,139,103,103;397,96,97,97;
155,138,104,104;396,92,99,99;
